#te, heating, cooling.
# Cloudy punts, Te= 9.792e+03 HTOT= 8.726e-24 CTOT= 8.724e-24 nzone=   1
# COOLNG array is
#      O  3 0.00  0.299 O  4 0.00  0.271 ISrcolH H  0.00  0.060 S  3 0.00  0.060 S  4 0.00  0.054 Fe 5 0.00  0.033 FF c 0.00  0.032 
      ISrcolH He 1.00  0.026 Ne 5 0.00  0.024 Ne 3 0.00  0.022 Fe 6 0.00  0.021 N  3 0.00  0.017 C  3 0.00  0.009 Ar 3 0.00  0.008 
      Fe 4 0.00  0.005 Mg 4 0.00  0.005 Si 2 0.00  0.005 O  2 0.00  0.005 
# Line heating array follows
## map of heating, cooling, vs temp, follows.
#    Te		 Heat-------------------------------->	Cool----------------------------------------->	    dH/dT	    dC/DT	      Ne	       NH	       H2	 HII	 Helium 
 1.0000e+01	 2.8451e-22	 [ 0][ 0]	 0.792	 1.2328e-25	 ISrcolH H 	0.0A	 0.582	 -1.68e-23	   1.99e-25	 9.3653e-01	 1.0000e+00	 4.6667e-12	 -0.07	 -0.83	 -0.10	 -1.30
 1.2302e+01	 2.5990e-22	 [ 0][ 0]	 0.788	 1.2432e-25	 ISrcolH H 	0.0A	 0.577	 -1.27e-23	   1.29e-25	 9.4575e-01	 1.0000e+00	 4.6475e-12	 -0.07	 -0.87	 -0.09	 -1.25
 1.5134e+01	 2.3799e-22	 [ 0][ 0]	 0.783	 1.3029e-25	 ISrcolH H 	0.0A	 0.560	 -9.59e-24	   8.39e-26	 9.5940e-01	 1.0000e+00	 4.6830e-12	 -0.06	 -0.91	 -0.09	 -1.20
 1.8617e+01	 2.1765e-22	 [ 0][ 0]	 0.778	 1.4462e-25	 ISrcolH H 	0.0A	 0.522	 -7.22e-24	   5.57e-26	 9.7319e-01	 1.0000e+00	 4.7139e-12	 -0.05	 -0.96	 -0.09	 -1.16
 2.2903e+01	 1.9869e-22	 [ 0][ 0]	 0.773	 1.7263e-25	 ISrcolH H 	0.0A	 0.461	 -5.43e-24	   3.82e-26	 9.8637e-01	 1.0000e+00	 4.7291e-12	 -0.05	 -1.00	 -0.08	 -1.11
 2.8175e+01	 1.8106e-22	 [ 0][ 0]	 0.767	 2.2083e-25	 ISrcolH H 	0.0A	 0.385	 -4.06e-24	   2.76e-26	 9.9882e-01	 1.0000e+00	 4.7257e-12	 -0.04	 -1.05	 -0.08	 -1.06
 3.4661e+01	 1.6472e-22	 [ 0][ 0]	 0.761	 2.9731e-25	 ISrcolH H 	0.0A	 0.309	 -3.04e-24	   2.14e-26	 1.0105e+00	 1.0000e+00	 4.7715e-12	 -0.04	 -1.10	 -0.08	 -1.01
 4.2640e+01	 1.4962e-22	 [ 0][ 0]	 0.754	 4.1272e-25	 C  2      	0.0A	 0.274	 -2.26e-24	   1.78e-26	 1.0215e+00	 1.0000e+00	 4.8863e-12	 -0.04	 -1.15	 -0.09	 -0.97
 5.2455e+01	 1.3572e-22	 [ 0][ 0]	 0.747	 5.7910e-25	 O  3      	0.0A	 0.347	 -1.68e-24	   1.57e-26	 1.0319e+00	 1.0000e+00	 4.9837e-12	 -0.03	 -1.20	 -0.09	 -0.92
 6.4530e+01	 1.2295e-22	 [ 0][ 0]	 0.740	 8.0819e-25	 O  3      	0.0A	 0.439	 -1.25e-24	   1.42e-26	 1.0416e+00	 1.0000e+00	 5.0625e-12	 -0.03	 -1.26	 -0.09	 -0.87
 7.9385e+01	 1.1126e-22	 [ 0][ 0]	 0.731	 1.1127e-24	 O  3      	0.0A	 0.511	 -9.25e-25	   1.30e-26	 1.0507e+00	 1.0000e+00	 5.1215e-12	 -0.02	 -1.31	 -0.10	 -0.83
 9.7659e+01	 1.0058e-22	 [ 0][ 0]	 0.723	 1.5008e-24	 O  3      	0.0A	 0.560	 -6.84e-25	   1.19e-26	 1.0592e+00	 1.0000e+00	 5.2478e-12	 -0.02	 -1.37	 -0.10	 -0.78
 1.2014e+02	 9.0781e-23	 [ 0][ 0]	 0.714	 1.9647e-24	 O  3      	0.0A	 0.596	 -5.04e-25	   1.06e-26	 1.0673e+00	 1.0000e+00	 5.4937e-12	 -0.02	 -1.43	 -0.11	 -0.74
 1.4779e+02	 8.1543e-23	 [ 0][ 0]	 0.704	 2.4967e-24	 O  3      	0.0A	 0.615	 -3.70e-25	   9.06e-27	 1.0698e+00	 1.0000e+00	 5.6478e-12	 -0.02	 -1.49	 -0.12	 -0.69
 1.8182e+02	 7.3722e-23	 [ 0][ 0]	 0.695	 3.1000e-24	 O  3      	0.0A	 0.619	 -2.73e-25	   7.28e-27	 1.0810e+00	 1.0000e+00	 5.9250e-12	 -0.02	 -1.55	 -0.12	 -0.65
 2.2367e+02	 6.6199e-23	 [ 0][ 0]	 0.684	 3.7057e-24	 O  3      	0.0A	 0.615	 -2.00e-25	   5.39e-27	 1.0839e+00	 1.0000e+00	 6.0560e-12	 -0.01	 -1.62	 -0.14	 -0.61
 2.7516e+02	 5.9780e-23	 [ 0][ 0]	 0.674	 4.3148e-24	 O  3      	0.0A	 0.603	 -1.47e-25	   3.64e-27	 1.0943e+00	 1.0000e+00	 6.2932e-12	 -0.01	 -1.68	 -0.15	 -0.57
 3.3850e+02	 5.3644e-23	 [ 0][ 0]	 0.662	 4.8440e-24	 O  3      	0.0A	 0.586	 -1.08e-25	   2.14e-27	 1.0970e+00	 1.0000e+00	 6.3764e-12	 -0.01	 -1.75	 -0.16	 -0.53
 4.1642e+02	 4.8192e-23	 [ 0][ 0]	 0.651	 5.2971e-24	 O  3      	0.0A	 0.563	 -7.90e-26	   9.73e-28	 1.1015e+00	 1.0000e+00	 6.4602e-12	 -0.01	 -1.82	 -0.18	 -0.49
 5.1227e+02	 4.3308e-23	 [ 0][ 0]	 0.639	 5.6620e-24	 O  3      	0.0A	 0.535	 -5.79e-26	   1.41e-28	 1.1066e+00	 1.0000e+00	 6.5226e-12	 -0.01	 -1.90	 -0.19	 -0.46
 6.3019e+02	 3.8916e-23	 [ 0][ 0]	 0.626	 5.9925e-24	 O  3      	0.0A	 0.508	 -4.23e-26	  -4.29e-28	 1.1120e+00	 1.0000e+00	 6.5622e-12	 -0.01	 -1.97	 -0.21	 -0.42
 7.7526e+02	 3.4959e-23	 [ 0][ 0]	 0.614	 6.2296e-24	 O  3      	0.0A	 0.478	 -3.10e-26	  -7.65e-28	 1.1175e+00	 1.0000e+00	 6.5809e-12	 -0.01	 -2.05	 -0.23	 -0.39
 9.5372e+02	 3.1390e-23	 [ 0][ 0]	 0.601	 6.3810e-24	 O  3      	0.0A	 0.446	 -2.26e-26	  -9.27e-28	 1.1228e+00	 1.0000e+00	 6.5434e-12	 -0.01	 -2.13	 -0.26	 -0.36
 1.1733e+03	 2.8170e-23	 [ 0][ 0]	 0.588	 6.4662e-24	 O  3      	0.0A	 0.414	 -1.65e-26	  -9.72e-28	 1.1280e+00	 1.0000e+00	 6.4437e-12	 -0.00	 -2.21	 -0.28	 -0.33
 1.4433e+03	 2.5261e-23	 [ 0][ 0]	 0.575	 6.4977e-24	 O  3      	0.0A	 0.381	 -1.21e-26	  -9.40e-28	 1.1330e+00	 1.0000e+00	 6.0488e-12	 -0.00	 -2.29	 -0.31	 -0.30
 1.7756e+03	 2.2630e-23	 [ 0][ 0]	 0.562	 6.4926e-24	 O  3      	0.0A	 0.347	 -8.80e-27	  -8.62e-28	 1.1379e+00	 1.0000e+00	 5.5889e-12	 -0.00	 -2.38	 -0.34	 -0.27
 2.1843e+03	 2.0250e-23	 [ 0][ 0]	 0.550	 6.4626e-24	 O  3      	0.0A	 0.314	 -6.40e-27	  -7.60e-28	 1.1427e+00	 1.0000e+00	 5.1009e-12	 -0.00	 -2.46	 -0.37	 -0.25
 2.6871e+03	 1.8097e-23	 [ 0][ 0]	 0.537	 6.4195e-24	 O  3      	0.0A	 0.282	 -4.66e-27	  -6.47e-28	 1.1473e+00	 1.0000e+00	 4.5898e-12	 -0.00	 -2.55	 -0.40	 -0.22
 3.3057e+03	 1.6151e-23	 [ 0][ 0]	 0.525	 6.3898e-24	 O  4      	0.0A	 0.300	 -3.38e-27	  -5.25e-28	 1.1517e+00	 1.0000e+00	 4.0096e-12	 -0.00	 -2.65	 -0.43	 -0.20
 4.0667e+03	 1.4396e-23	 [ 0][ 0]	 0.513	 6.3964e-24	 O  4      	0.0A	 0.318	 -2.45e-27	  -3.90e-28	 1.1560e+00	 1.0000e+00	 3.2581e-12	 -0.00	 -2.74	 -0.47	 -0.18
 5.0028e+03	 1.2813e-23	 [ 0][ 0]	 0.501	 6.4913e-24	 O  4      	0.0A	 0.329	 -1.77e-27	  -2.38e-28	 1.1600e+00	 1.0000e+00	 2.1491e-12	 -0.00	 -2.84	 -0.51	 -0.16
 6.1544e+03	 1.1389e-23	 [ 0][ 0]	 0.489	 6.7626e-24	 O  4      	0.0A	 0.329	 -1.28e-27	  -7.24e-29	 1.1639e+00	 1.0000e+00	 1.0312e-12	 -0.00	 -2.94	 -0.55	 -0.14
 7.5711e+03	 1.0108e-23	 [ 0][ 0]	 0.478	 7.3048e-24	 O  4      	0.0A	 0.312	 -9.24e-28	   9.98e-29	 1.1676e+00	 1.0000e+00	 3.9143e-13	 -0.00	 -3.04	 -0.59	 -0.13
 9.3139e+03	 8.9557e-24	 [ 0][ 0]	 0.466	 8.3341e-24	 O  3      	0.0A	 0.289	 -6.65e-28	   2.87e-28	 1.1710e+00	 1.0000e+00	 1.3997e-13	 -0.00	 -3.15	 -0.64	 -0.11
# ----------------------------------------------- Probable thermal solution here. --------------------------------------------
 1.1458e+04	 7.9220e-24	 [ 0][ 0]	 0.455	 1.0196e-23	 O  3      	0.0A	 0.317	 -4.78e-28	   5.63e-28	 1.1743e+00	 1.0000e+00	 5.1571e-14	 -0.00	 -3.25	 -0.68	 -0.10
 1.4095e+04	 6.9967e-24	 [ 0][ 0]	 0.443	 1.3742e-23	 O  3      	0.0A	 0.307	 -3.43e-28	   1.07e-27	 1.1773e+00	 1.0000e+00	 1.9662e-14	 -0.00	 -3.36	 -0.73	 -0.09
 1.7340e+04	 6.1646e-24	 [ 1][ 1]	 0.439	 2.0760e-23	 O  3      	0.0A	 0.255	 -2.46e-28	   1.94e-27	 1.1801e+00	 1.0000e+00	 7.3358e-15	 -0.00	 -3.47	 -0.78	 -0.08
 2.1332e+04	 5.3845e-24	 [ 1][ 1]	 0.446	 3.4549e-23	 O  3      	0.0A	 0.184	 -1.74e-28	   3.17e-27	 1.1827e+00	 1.0000e+00	 2.6607e-15	 -0.00	 -3.58	 -0.83	 -0.07
 2.6242e+04	 4.5750e-24	 [ 1][ 1]	 0.465	 5.8779e-23	 C  3      	0.0A	 0.179	 -1.20e-28	   4.48e-27	 1.1851e+00	 1.0000e+00	 8.3579e-16	 -0.00	 -3.69	 -0.89	 -0.06
 3.2283e+04	 3.7066e-24	 [ 1][ 1]	 0.505	 9.5356e-23	 C  3      	0.0A	 0.216	 -7.95e-29	   5.42e-27	 1.1874e+00	 1.0000e+00	 2.1939e-16	 -0.00	 -3.81	 -0.94	 -0.05
 3.9714e+04	 2.9426e-24	 [ 1][ 1]	 0.559	 1.4477e-22	 C  3      	0.0A	 0.250	 -5.15e-29	   5.82e-27	 1.1895e+00	 1.0000e+00	 5.1886e-17	 -0.00	 -3.93	 -1.00	 -0.05
 4.8857e+04	 2.4211e-24	 [ 1][ 1]	 0.594	 2.1095e-22	 C  3      	0.0A	 0.275	 -3.45e-29	   5.96e-27	 1.1914e+00	 1.0000e+00	 1.0085e-17	 -0.00	 -4.06	 -1.06	 -0.04
 6.0103e+04	 2.0767e-24	 [ 1][ 1]	 0.600	 2.9772e-22	 C  3      	0.0A	 0.287	 -2.41e-29	   5.99e-27	 1.1931e+00	 1.0000e+00	 1.9764e-18	 -0.00	 -4.22	 -1.12	 -0.03
 7.3938e+04	 1.7837e-24	 [ 1][ 1]	 0.586	 4.0196e-22	 C  3      	0.0A	 0.275	 -1.69e-29	   5.82e-27	 1.1946e+00	 1.0000e+00	 4.3526e-19	 -0.00	 -4.39	 -1.19	 -0.03
 9.0959e+04	 1.4041e-24	 [ 1][ 1]	 0.550	 5.0219e-22	 C  3      	0.0A	 0.211	 -1.08e-29	   5.28e-27	 1.1960e+00	 1.0000e+00	 1.1104e-19	 -0.00	 -4.61	 -1.33	 -0.02
 1.1190e+05	 9.1670e-25	 [ 1][ 1]	 0.473	 5.6121e-22	 O  4      	0.0A	 0.302	 -5.73e-30	   4.25e-27	 1.1976e+00	 1.0000e+00	 3.2669e-20	 -0.00	 -4.92	 -1.58	 -0.01
 1.3765e+05	 5.2484e-25	 [ 1][ 1]	 0.357	 6.0577e-22	 O  4      	0.0A	 0.421	 -2.66e-30	   3.17e-27	 1.1996e+00	 1.0000e+00	 1.0909e-20	 -0.00	 -5.35	 -1.94	 -0.01
 1.6934e+05	 3.0161e-25	 [ 7][ 3]	 0.282	 6.7536e-22	 O  4      	0.0A	 0.442	 -1.24e-30	   2.28e-27	 1.2016e+00	 1.0000e+00	 4.0616e-21	 -0.00	 -5.84	 -2.34	 -0.00
 2.0832e+05	 1.7460e-25	 [ 7][ 3]	 0.334	 7.2814e-22	 O  5      	0.0A	 0.384	 -5.85e-31	   1.51e-27	 1.2031e+00	 1.0000e+00	 1.6585e-21	 -0.00	 -6.31	 -2.71	 -0.00
 2.5628e+05	 9.8350e-26	 [ 7][ 3]	 0.251	 7.2463e-22	 O  5      	0.0A	 0.504	 -2.68e-31	   8.46e-28	 1.2042e+00	 1.0000e+00	 7.3237e-22	 -0.00	 -6.76	 -3.05	 -0.00
 3.1527e+05	 4.8815e-26	 [ 1][ 1]	 0.149	 4.7714e-22	 O  5      	0.0A	 0.357	 -1.08e-31	   3.94e-28	 1.2051e+00	 1.0000e+00	 3.4569e-22	 -0.00	 -7.18	 -3.35	 -0.00
 3.8785e+05	 2.7542e-26	 [ 1][ 1]	 0.143	 2.7559e-22	 O  6      	0.0A	 0.244	 -4.92e-32	   2.60e-28	 1.2060e+00	 1.0000e+00	 1.7278e-22	 -0.00	 -7.58	 -3.62	 -0.00
 4.7713e+05	 1.9156e-26	 [ 1][ 1]	 0.119	 2.2551e-22	 Ne 6      	0.0A	 0.178	 -2.78e-32	   1.80e-28	 1.2067e+00	 1.0000e+00	 9.0776e-23	 -0.00	 -7.95	 -3.86	 -0.00
 5.8696e+05	 1.4179e-26	 [ 7][ 6]	 0.120	 2.0016e-22	 Ne 7      	0.0A	 0.176	 -1.67e-32	   1.13e-28	 1.2072e+00	 1.0000e+00	 4.9809e-23	 -0.00	 -8.30	 -4.07	 -0.00
 7.2207e+05	 1.0838e-26	 [ 7][ 6]	 0.159	 1.6700e-22	 Fe 9      	0.0A	 0.212	 -1.04e-32	   7.84e-29	 1.2076e+00	 1.0000e+00	 2.8383e-23	 -0.00	 -8.64	 -4.26	 -0.00
 8.8829e+05	 8.8247e-27	 [ 7][ 6]	 0.196	 1.5854e-22	 Fe 9      	0.0A	 0.231	 -6.86e-33	   5.71e-29	 1.2079e+00	 1.0000e+00	 1.6724e-23	 -0.00	 -8.96	 -4.44	 -0.00
 1.0928e+06	 7.2329e-27	 [ 7][ 6]	 0.237	 1.5627e-22	 Fe10      	0.0A	 0.155	 -4.58e-33	   4.16e-29	 1.2082e+00	 1.0000e+00	 1.0146e-23	 -0.00	 -9.00	 -4.60	 -0.00
 1.3443e+06	 5.7615e-27	 [ 7][ 6]	 0.278	 1.5301e-22	 Fe11      	178.5A	 0.104	 -2.96e-33	   2.99e-29	 1.2085e+00	 1.0000e+00	 6.3149e-24	 -0.00	 -9.00	 -4.76	 -0.00
 1.6538e+06	 4.3238e-27	 [ 7][ 6]	 0.304	 1.3366e-22	 Fe13      	0.0A	 0.112	 -1.81e-33	   1.97e-29	 1.2089e+00	 1.0000e+00	 4.0186e-24	 -0.00	 -9.00	 -4.90	 -0.00
 2.0345e+06	 3.0194e-27	 [ 7][ 6]	 0.285	 9.3500e-23	 Fe15      	0.0A	 0.116	 -1.02e-33	   1.60e-29	 1.2092e+00	 1.0000e+00	 2.6058e-24	 -0.00	 -9.00	 -5.03	 -0.00
 2.5028e+06	 2.0500e-27	 [ 7][ 6]	 0.203	 6.6337e-23	 Fe16      	0.0A	 0.123	 -5.63e-34	   1.36e-29	 1.2096e+00	 1.0000e+00	 1.7159e-24	 -0.00	 -9.00	 -5.16	 -0.00
 3.0789e+06	 1.3823e-27	 [ 7][ 7]	 0.162	 5.0155e-23	 Fe16      	0.0A	 0.145	 -3.09e-34	   1.00e-29	 1.2101e+00	 1.0000e+00	 1.1429e-24	 -0.00	 -9.00	 -5.28	 -0.00
 3.7877e+06	 9.8646e-28	 [25][16]	 0.147	 4.0638e-23	 FF c      	0.0A	 0.165	 -1.79e-34	   7.27e-30	 1.2105e+00	 1.0000e+00	 7.6650e-25	 -0.00	 -9.00	 -5.40	 -0.00
 4.6596e+06	 7.5652e-28	 [25][16]	 0.184	 3.6200e-23	 FF c      	0.0A	 0.204	 -1.12e-34	   5.36e-30	 1.2109e+00	 1.0000e+00	 5.1504e-25	 -0.00	 -9.00	 -5.51	 -0.00
 5.7322e+06	 6.0666e-28	 [25][16]	 0.187	 3.4306e-23	 FF c      	0.0A	 0.237	 -7.30e-35	   3.89e-30	 1.2112e+00	 1.0000e+00	 3.4521e-25	 -0.00	 -9.00	 -5.62	 -0.00
 7.0517e+06	 4.9941e-28	 [ 0][19]	 0.158	 3.3978e-23	 FF c      	0.0A	 0.263	 -4.89e-35	   2.79e-30	 1.2114e+00	 1.0000e+00	 2.2989e-25	  0.00	 -9.00	 -5.72	 -0.00
 8.6749e+06	 4.1117e-28	 [ 0][19]	 0.192	 3.4603e-23	 FF c      	0.0A	 0.285	 -3.27e-35	   1.94e-30	 1.2115e+00	 1.0000e+00	 1.5127e-25	  0.00	 -9.00	 -5.82	 -0.00
 1.0672e+07	 3.2988e-28	 [ 0][19]	 0.239	 3.4236e-23	 FF c      	0.0A	 0.317	 -2.14e-35	   1.24e-30	 1.2116e+00	 1.0000e+00	 9.7390e-26	  0.00	 -9.00	 -5.92	 -0.00
 1.3128e+07	 2.5620e-28	 [ 0][19]	 0.308	 3.0934e-23	 FF c      	0.0A	 0.386	 -1.35e-35	   7.59e-31	 1.2117e+00	 1.0000e+00	 6.0333e-26	  0.00	 -9.00	 -6.02	 -0.00
 1.6151e+07	 1.9934e-28	 [ 0][19]	 0.396	 2.6581e-23	 FF c      	0.0A	 0.495	 -8.51e-36	   5.40e-31	 1.2118e+00	 1.0000e+00	 3.5143e-26	  0.00	 -9.00	 -6.12	 -0.00
 1.9868e+07	 1.6334e-28	 [ 0][19]	 0.483	 2.3884e-23	 FF c      	0.0A	 0.607	 -5.67e-36	   4.46e-31	 1.2119e+00	 1.0000e+00	 1.8789e-26	  0.00	 -9.00	 -6.22	 -0.00
 2.4442e+07	 1.4144e-28	 [ 0][19]	 0.558	 2.2997e-23	 FF c      	0.0A	 0.695	 -4.00e-36	   3.89e-31	 1.2120e+00	 1.0000e+00	 9.0888e-27	  0.00	 -9.00	 -6.31	 -0.00
 3.0068e+07	 1.2742e-28	 [ 0][19]	 0.620	 2.3314e-23	 FF c      	0.0A	 0.755	 -2.93e-36	   3.48e-31	 1.2120e+00	 1.0000e+00	 3.9936e-27	  0.00	 -9.00	 -6.41	 -0.00
 3.6990e+07	 1.1780e-28	 [ 0][19]	 0.670	 2.4411e-23	 FF c      	0.0A	 0.795	 -2.21e-36	   3.14e-31	 1.2121e+00	 1.0000e+00	 1.6255e-27	  0.00	 -9.00	 -6.51	 -0.00
 4.5505e+07	 1.1068e-28	 [ 0][19]	 0.713	 2.6062e-23	 FF c      	0.0A	 0.821	 -1.69e-36	   2.81e-31	 1.2121e+00	 1.0000e+00	 6.2796e-28	  0.00	 -9.00	 -6.61	 -0.00
 5.5980e+07	 1.0500e-28	 [ 0][19]	 0.752	 2.8095e-23	 FF c      	0.0A	 0.840	 -1.30e-36	   2.47e-31	 1.2121e+00	 1.0000e+00	 2.3502e-28	  0.00	 -9.00	 -6.70	 -0.00
 6.8866e+07	 1.0016e-28	 [ 0][19]	 0.788	 3.0403e-23	 FF c      	0.0A	 0.857	 -1.01e-36	   2.16e-31	 1.2121e+00	 1.0000e+00	 8.6449e-29	  0.00	 -9.00	 -6.80	 -0.00
 8.4718e+07	 9.5923e-29	 [ 0][19]	 0.823	 3.2942e-23	 FF c      	0.0A	 0.874	 -7.89e-37	   1.87e-31	 1.2121e+00	 1.0000e+00	 3.1536e-29	  0.00	 -9.00	 -6.90	 -0.00
 1.0422e+08	 9.2271e-29	 [ 0][19]	 0.856	 3.5764e-23	 FF c      	0.0A	 0.889	 -6.18e-37	   1.64e-31	 1.2121e+00	 1.0000e+00	 1.1476e-29	  0.00	 -9.00	 -7.00	 -0.00
 1.2821e+08	 8.9262e-29	 [ 0][19]	 0.885	 3.8996e-23	 FF c      	0.0A	 0.902	 -4.86e-37	   1.45e-31	 1.2122e+00	 1.0000e+00	 4.1821e-30	  0.00	 -9.00	 -7.10	 -0.00
 1.5772e+08	 8.6890e-29	 [ 0][19]	 0.909	 4.2779e-23	 FF c      	0.0A	 0.911	 -3.85e-37	   1.30e-31	 1.2122e+00	 1.0000e+00	 1.5309e-30	  0.00	 -9.00	 -7.21	 -0.00
 1.9403e+08	 8.5074e-29	 [ 0][19]	 0.928	 4.7240e-23	 FF c      	0.0A	 0.914	 -3.07e-37	   1.17e-31	 1.2122e+00	 1.0000e+00	 5.6445e-31	  0.00	 -9.00	 -7.31	 -0.00
 2.3870e+08	 8.3700e-29	 [ 0][19]	 0.943	 5.2524e-23	 FF c      	0.0A	 0.912	 -2.45e-37	   1.07e-31	 1.2122e+00	 1.0000e+00	 2.1017e-31	  0.00	 -9.00	 -7.41	 -0.00
 2.9364e+08	 8.2662e-29	 [ 0][19]	 0.955	 5.8795e-23	 FF c      	0.0A	 0.906	 -1.97e-37	   9.79e-32	 1.2122e+00	 1.0000e+00	 7.9232e-32	  0.00	 -9.00	 -7.51	  0.00
 3.6124e+08	 8.1873e-29	 [ 0][19]	 0.964	 6.6300e-23	 FF c      	0.0A	 0.896	 -1.59e-37	   9.02e-32	 1.2122e+00	 1.0000e+00	 3.0323e-32	  0.00	 -9.00	 -7.62	  0.00
 4.4439e+08	 8.1269e-29	 [ 0][19]	 0.972	 7.5369e-23	 FF c      	0.0A	 0.881	 -1.28e-37	   8.37e-32	 1.2122e+00	 1.0000e+00	 1.1811e-32	  0.00	 -9.00	 -7.72	  0.00
 5.4669e+08	 8.0802e-29	 [ 0][19]	 0.977	 8.6492e-23	 FF c      	0.0A	 0.861	 -1.03e-37	   7.84e-32	 1.2122e+00	 1.0000e+00	 4.6933e-33	  0.00	 -9.00	 -7.83	  0.00
 6.7253e+08	 8.0440e-29	 [ 0][19]	 0.982	 1.0038e-22	 FF c      	0.0A	 0.837	 -8.37e-38	   7.41e-32	 1.2122e+00	 1.0000e+00	 1.9063e-33	  0.00	 -9.00	 -7.94	  0.00
 8.2735e+08	 8.0156e-29	 [ 0][19]	 0.985	 1.1804e-22	 FF c      	0.0A	 0.809	 -6.78e-38	   7.10e-32	 1.2122e+00	 1.0000e+00	 7.9268e-34	  0.00	 -9.00	 -8.04	  0.00
 1.0178e+09	 7.9933e-29	 [ 0][19]	 0.988	 1.4099e-22	 FF c      	0.0A	 0.776	 -5.50e-38	   6.90e-32	 1.2122e+00	 1.0000e+00	 3.3782e-34	  0.00	 -9.00	 -8.15	  0.00
 1.2521e+09	 7.9757e-29	 [ 0][19]	 0.990	 1.7141e-22	 FF c      	0.0A	 0.739	 -4.46e-38	   6.83e-32	 1.2122e+00	 1.0000e+00	 1.4767e-34	  0.00	 -9.00	 -8.26	  0.00
 1.5403e+09	 7.9618e-29	 [ 0][19]	 0.992	 2.1245e-22	 FF c      	0.0A	 0.700	 -3.62e-38	   6.89e-32	 1.2122e+00	 1.0000e+00	 6.6224e-35	  0.00	 -9.00	 -8.37	  0.00
 1.8949e+09	 7.9507e-29	 [ 0][19]	 0.993	 2.6876e-22	 FF c      	0.0A	 0.659	 -2.94e-38	   7.08e-32	 1.2122e+00	 1.0000e+00	 3.0473e-35	  0.00	 -9.00	 -8.47	  0.00
 2.3311e+09	 7.9420e-29	 [ 0][19]	 0.994	 3.4661e-22	 FF c      	0.0A	 0.618	 -2.38e-38	   7.43e-32	 1.2122e+00	 1.0000e+00	 1.4386e-35	  0.00	 -9.00	 -8.58	  0.00
 2.8677e+09	 7.9350e-29	 [ 0][19]	 0.995	 4.5496e-22	 FF c      	0.0A	 0.580	 -1.94e-38	   7.93e-32	 1.2122e+00	 1.0000e+00	 6.9658e-36	  0.00	 -9.00	 -8.69	  0.00
 3.5278e+09	 7.9295e-29	 [ 0][19]	 0.996	 6.0550e-22	 FF c      	0.0A	 0.546	 -1.57e-38	   8.58e-32	 1.2122e+00	 1.0000e+00	 3.4598e-36	  0.00	 -9.00	 -8.80	  0.00
 4.3399e+09	 7.9251e-29	 [ 0][19]	 0.996	 8.1422e-22	 FF c      	0.0A	 0.516	 -1.28e-38	   9.38e-32	 1.2122e+00	 1.0000e+00	 1.7654e-36	  0.00	 -9.00	 -8.91	  0.00
 5.3389e+09	 7.9217e-29	 [ 0][19]	 0.997	 1.1015e-21	 eeff      	0.0A	 0.508	 -1.04e-38	   1.03e-31	 1.2122e+00	 1.0000e+00	 9.3009e-37	  0.00	 -9.00	 -9.00	  0.00
 6.5679e+09	 7.9189e-29	 [ 0][19]	 0.997	 1.4936e-21	 eeff      	0.0A	 0.529	 -8.44e-39	   1.14e-31	 1.2122e+00	 1.0000e+00	 5.1097e-37	  0.00	 -9.00	 -9.00	  0.00
 8.0798e+09	 7.9167e-29	 [ 0][19]	 0.997	 2.0244e-21	 eeff      	0.0A	 0.545	 -6.86e-39	   1.25e-31	 1.2122e+00	 1.0000e+00	 2.9701e-37	  0.00	 -9.00	 -9.00	  0.00
